    0.1938   -0.5640         0
    0.5305   -0.4953         0
    0.8826   -0.3858         0
    1.2220   -0.2418         0
    1.5453   -0.0646         0
    1.8493    0.1440         0
    2.1310    0.3819         0
    2.3875    0.6467         0
    2.6163    0.9358         0
    2.8151    1.2463         0
    2.9819    1.5751         0
    3.1151    1.9189         0
    3.2132    2.2743         0
    3.2772    2.6480         0
    3.3782    6.2544         0
    3.4787    9.8258         0
    3.5791   13.3972         0
    3.6796   16.9687         0
    3.7800   20.5401         0
    3.8805   24.1116         0
    3.9809   27.6830         0
    4.0814   31.2545         0
    4.1823   34.8446         0
    4.1623   35.2942         0
    4.0966   35.7464         0
    3.9861   36.1898         0
    3.8318   36.6199         0
    3.6354   37.0325         0
    3.3987   37.4234         0
    3.1242   37.7887         0
    2.8147   38.1248         0
    2.4731   38.4283         0
    2.1029   38.6962         0
    1.7078   38.9258         0
    1.2918   39.1149         0
    0.8590   39.2614         0
    0.4137   39.3640         0
   -0.0472   39.4226         0
   -1.9185   39.4156         0
   -3.7573   39.4111         0
   -5.5965   39.4067         0
   -7.4356   39.4022         0
   -9.2747   39.3978         0
  -11.1138   39.3933         0
  -12.9530   39.3889         0
  -14.7918   39.3844         0
  -16.4407   39.3823         0
  -16.7989   39.3663         0
  -17.1678   39.3126         0
  -17.5294   39.2223         0
  -17.8802   39.0963         0
  -18.2168   38.9360         0
  -18.5356   38.7428         0
  -18.8335   38.5188         0
  -19.1076   38.2662         0
  -19.3551   37.9875         0
  -19.5735   37.6854         0
  -19.7607   37.3631         0
  -19.9147   37.0237         0
  -20.0342   36.6706         0
  -20.1177   36.3073         0
  -20.1646   35.9375         0
  -20.1737   35.5873         0
  -20.1952   34.2255         0
  -20.3190   32.8631         0
  -20.4463   31.4640         0
  -20.4721   30.0648         0
  -20.4977   28.6836         0
  -20.5232   27.3025         0
  -20.5488   25.9214         0
  -20.5743   24.5398         0
  -20.5974   23.1432         0
  -20.5816   22.7503         0
  -20.5251   22.3503         0
  -20.4289   21.9578         0
  -20.2940   21.5770         0
  -20.1218   21.2115         0
  -19.9140   20.8650         0
  -19.6726   20.5410         0
  -19.4001   20.2428         0
  -19.0991   19.9732         0
  -18.7934   19.7500         0
  -18.6065   19.6131         0
  -18.4174   19.4794         0
  -18.2318   19.3483         0
  -18.0464   19.2173         0
  -17.8608   19.0861         0
  -17.6752   18.9549         0
  -17.4896   18.8238         0
  -17.3014   18.6909         0
  -17.1310   18.5738         0
  -16.9797   18.4257         0
  -16.8323   18.2492         0
  -16.7031   18.0588         0
  -16.5936   17.8566         0
  -16.5049   17.6444         0
  -16.4378   17.4243         0
  -16.3930   17.1987         0
  -16.3759   17.0215         0
  -16.4467   16.6880         0
  -16.5344   16.2822         0
  -16.6221   15.8755         0
  -16.7098   15.4688         0
  -16.7976   15.0622         0
  -16.8855   14.6555         0
  -16.9732   14.2488         0
  -17.0616   13.8393         0
  -17.1740   13.2869         0
  -16.6788   11.9839         0
  -16.1096   10.8440         0
  -15.4294    9.7667         0
  -14.6450    8.7627         0
  -13.7583    7.8357         0
  -13.3257    7.4912         0
  -12.9200    7.1675         0
  -12.5141    6.8438         0
  -12.1082    6.5201         0
  -11.7024    6.1963         0
  -11.2965    5.8724         0
  -10.8906    5.5487         0
  -10.4846    5.2249         0
  -10.1097    4.9260         0
   -9.5356    4.2984         0
   -9.0184    3.6051         0
   -8.5730    2.8637         0
   -8.2039    2.0815         0
   -7.8506    1.0857         0
   -7.5710    0.8999         0
   -7.1484    0.6186         0
   -7.0076    0.5249         0
   -6.4616    0.1613         0
   -6.3906    0.1050         0
   -6.0800   -0.1098         0
   -5.7422   -0.2966         0
   -5.3873   -0.4487         0
   -5.0191   -0.5646         0
   -4.6411   -0.6432         0
   -4.2662   -0.6827         0
   -4.1350   -0.6881         0
   -3.6537   -0.6663         0
   -3.1942   -0.6454         0
   -2.7346   -0.6246         0
   -2.2751   -0.6037         0
   -1.8155   -0.5829         0
   -1.3560   -0.5620         0
   -0.8964   -0.5412         0
   -0.4369   -0.5203         0
    0.0226   -0.4995         0
    1   -0.3    0 
    1   -0.3    0  
