  0.0876473262906  -0.157018363476  0.955394938554
  1.83430874348   -0.0666210800409  1.23183783527
    3.4794   -0.5859         0
    3.7645   -0.5716         0
    4.0467   -0.5290         0
    4.3233   -0.4584         0
    4.5915   -0.3605         0
    4.8485   -0.2363         0
    5.0919   -0.0871         0
    5.3191    0.0857         0
    5.5280    0.2802         0
    5.7164    0.4947         0
    5.8824    0.7269         0
    6.0244    0.9745         0
    6.1410    1.2350         0
    6.2311    1.5059         0
    6.2936    1.7845         0
    6.3280    2.0678         0
    6.3339    2.3532         0
    6.3113    2.6378         0
    6.2604    2.9187         0
    6.1818    3.1931         0
    6.0761    3.4583         0
    5.9445    3.7116         0
    5.7882    3.9505         0
    5.6089    4.1726         0
  4.76649045944  4.52430295944  134.441281662
  2.30390262604  7.08310747147  136.103780388
    1.8399    8.0034         0
    1.6383    8.1989         0
    1.4182    8.3734         0
    1.1819    8.5250         0
    0.9315    8.6522         0
    0.6698    8.7539         0
    0.3991    8.8288         0
    0.1224    8.8764         0
   -0.1578    8.8962         0
   -0.4384    8.8878         0
   -0.7169    8.8515         0
   -0.9904    8.7876         0
   -1.2561    8.6967         0
   -1.5113    8.5797         0
   -1.7537    8.4378         0
   -1.9806    8.2724         0
   -2.1900    8.0852         0
  -1.92943143845  8.12344169617  -134.272016114
  -3.18182325363  6.81046295166  -138.671065754
  -4.27056360245  5.5830821991  -140.920702192
   -6.9454    3.6257         0
   -7.0856    3.4594         0
   -7.2085    3.2799         0
   -7.3129    3.0891         0
   -7.3977    2.8888         0
   -7.4621    2.6810         0
   -7.5054    2.4678         0
   -7.5272    2.2514         0
   -7.5274    2.0338         0
   -7.5057    1.8174         0
   -7.4626    1.6041         0
   -7.3984    1.3963         0
   -7.3138    1.1959         0
   -7.2096    1.0049         0
   -7.0869    0.8253         0
   -6.9468    0.6589         0
   -6.7909    0.5072         0
   -6.6205    0.3719         0
   -6.4375    0.2543         0
   -6.2437    0.1555         0
   -6.0410    0.0766         0
   -5.8314    0.0183         0
   -5.6171   -0.0188         0
   -5.4001   -0.0343         0
  -4.97774410248  0.114319629967  0.0871088120242
  -1.93099939823  -0.539095580578  -1.82039895634
	0	0 0

