    0.809201002121  -0.0682175010443    0.0 
    2.50923967361   0.000842802692205   0.961012122725 
    5.16037321091   0.0500128306448 0.0
    6.75447225571   -0.0317833870649    0.0 
    8.78053665161   -0.0120198652148    2.98921309776 
    10.9513177872   0.00872497446835    12.5598277665 
    12.4432401657   0.0717656761408 73.9457428235 
    12.9297246933   2.14964127541   91.5317058979 
    12.7989835739   5.55189704895   90.8763899246 
    12.7682418823   6.88735294342   89.3064774975 
