0         0
    0.2000         0
    0.4000         0
    0.6000         0
    0.8000         0
    1.0000         0
    1.2000         0
    1.4000         0
    1.6000         0
    1.8000         0
    2.0000         0
    2.2000         0
    2.4000         0
    2.6000         0
    2.8000         0
    3.0000         0
    3.2000         0
    3.4000         0
    3.6000         0
    3.8000         0
    4.0000         0
    4.2000         0
    4.4000         0
    4.6000         0
    4.8000         0
    5.0000         0
    5.2000         0
    5.4000         0
    5.6000         0
    5.8000         0
    6.0000         0
    6.2000         0
    6.4000         0
    6.6000         0
    6.8000         0
    7.0000         0
    7.2000         0
    7.4000         0
    7.6000         0
    7.8000         0
    8.0000         0
8.0  -0.8571778191284423347886428038758
  8.4  -0.85923309174267114742518598589259
  8.8  -0.83060030212506816872498323634413
  9.2   -0.7707664964226557063891923942312
  9.6  -0.67862200768641455911394139065278
 10.0  -0.55235188378690064138094415956851
 10.4  -0.38923950760186841084222467686271
 10.8  -0.18532718863772987808640022496106
 11.2  0.065181817802307158843501444714967
 11.6  0.37103937057496448216430876038407
 12.0  0.74624118723565732849521054799263
 12.3  1.2154503060729173224116226185981
12.2000         1.3
   12.2000    1.4
   12.2000    1.5
   12.2000    1.6000
   12.2000    2.0000
   12.2000    2.4000
   12.2000    2.8000
   12.2000    3.2000
   12.2000    3.6000
   12.2000    4.0000
   12.2000    4.4000
   12.2000    4.8000
   12.2000    5.2000
   12.2000    5.6000
   12.2000    6.0000
   12.2000    6.4000
   12.2000    6.8000
   12.2000    7.2000
   12.2000    7.6000
   12.2000    8.0000
   12.2000    8.4000
   12.2000    8.8000
   12.2000    9.2000
   12.2000    9.6000
   12.2000   10.0000
   12.2000   10.4000
   12.2000   10.8000
   12.2000   11.2000
   12.2000   11.6000
   12.2000   12.0000
 
