1.56696152687 0.164881244302 0.0
1.91003251076 0.327681183815 0.0
2.3004348278 0.744593322277 0.0
2.4779548645 1.12324094772 0.0
2.55201220512 1.60987997055 0.0
2.56198811531 2.11922216415 0.0
2.52962756157 2.60843849182 0.0
2.43036937714 2.97131323814 0.0
2.2309319973 3.63317012787 0.0
1.98736619949 4.19007158279 0.0
1.67661690712 4.55740118027 0.0
1.17129850388 4.77999925613 0.0
0.706600427628 4.87449598312 0.0
-0.0564064979553 4.93253564835 0.0
-0.481062293053 4.94113540649 0.0
-0.950992524624 4.78064155579 0.0
-1.38080942631 4.53470802307 0.0
-1.81202840805 4.22518968582 0.0
-2.16144061089 3.72282171249 0.0
-2.33846449852 3.36590003967 0.0
-2.53862905502 2.92414307594 0.0
-2.67513871193 2.48100447655 0.0
-2.74668049812 2.0789680481 0.0
-2.79840683937 1.63426578045 0.0
-2.70075440407 1.22874796391 0.0
-2.53721475601 0.907052099705 0.0
-2.41460609436 0.692088425159 0.0
-1.8728826046 0.171342238784 0.0
-1.49567520618 -0.0701726302505 0.0
-1.11507773399 -0.162915587425 0.0
-0.860307812691 -0.189484611154 0.0
-0.521177053452 -0.196267679334 0.0
-0.138116791844 -0.161684349179 0.0
0.245361283422 -0.105628728867 0.0
0.585326910019 -0.0914739146829 0.0
0.969071507454 -0.0355892628431 0.0
1.56696152687 0.164881244302 0.0
1.91003251076 0.327681183815 0.0
2.3004348278 0.744593322277 0.0
2.4779548645 1.12324094772 0.0
2.55201220512 1.60987997055 0.0
2.56198811531 2.11922216415 0.0
2.52962756157 2.60843849182 0.0
2.43036937714 2.97131323814 0.0
2.2309319973 3.63317012787 0.0
1.98736619949 4.19007158279 0.0
1.67661690712 4.55740118027 0.0
1.17129850388 4.77999925613 0.0
0.706600427628 4.87449598312 0.0
-0.0564064979553 4.93253564835 0.0
-0.481062293053 4.94113540649 0.0
-0.950992524624 4.78064155579 0.0
-1.38080942631 4.53470802307 0.0
-1.81202840805 4.22518968582 0.0
-2.16144061089 3.72282171249 0.0
-2.33846449852 3.36590003967 0.0
-2.53862905502 2.92414307594 0.0
-2.67513871193 2.48100447655 0.0
-2.74668049812 2.0789680481 0.0
-2.79840683937 1.63426578045 0.0
-2.70075440407 1.22874796391 0.0
-2.53721475601 0.907052099705 0.0
-2.41460609436 0.692088425159 0.0
-1.8728826046 0.171342238784 0.0
-1.49567520618 -0.0701726302505 0.0
-1.11507773399 -0.162915587425 0.0
-0.860307812691 -0.189484611154 0.0
-0.521177053452 -0.196267679334 0.0
-0.138116791844 -0.161684349179 0.0
0.245361283422 -0.105628728867 0.0
0.585326910019 -0.0914739146829 0.0
0.969071507454 -0.0355892628431 0.0
1.56696152687 0.164881244302 0.0
1.91003251076 0.327681183815 0.0
2.3004348278 0.744593322277 0.0
2.4779548645 1.12324094772 0.0
2.55201220512 1.60987997055 0.0
2.56198811531 2.11922216415 0.0
2.52962756157 2.60843849182 0.0
2.43036937714 2.97131323814 0.0
2.2309319973 3.63317012787 0.0
1.98736619949 4.19007158279 0.0
1.67661690712 4.55740118027 0.0
1.17129850388 4.77999925613 0.0
0.706600427628 4.87449598312 0.0
-0.0564064979553 4.93253564835 0.0
-0.481062293053 4.94113540649 0.0
-0.950992524624 4.78064155579 0.0
-1.38080942631 4.53470802307 0.0
-1.81202840805 4.22518968582 0.0
-2.16144061089 3.72282171249 0.0
-2.33846449852 3.36590003967 0.0
-2.53862905502 2.92414307594 0.0
-2.67513871193 2.48100447655 0.0
-2.74668049812 2.0789680481 0.0
-2.79840683937 1.63426578045 0.0
-2.70075440407 1.22874796391 0.0
-2.53721475601 0.907052099705 0.0
-2.41460609436 0.692088425159 0.0
-1.8728826046 0.171342238784 0.0
-1.49567520618 -0.0701726302505 0.0
-1.11507773399 -0.162915587425 0.0
-0.860307812691 -0.189484611154 0.0
-0.521177053452 -0.196267679334 0.0
-0.138116791844 -0.161684349179 0.0
0.245361283422 -0.105628728867 0.0
0.585326910019 -0.0914739146829 0.0
0.969071507454 -0.0355892628431 0.0
1.56696152687 0.164881244302 0.0
1.91003251076 0.327681183815 0.0
2.3004348278 0.744593322277 0.0
2.4779548645 1.12324094772 0.0
2.55201220512 1.60987997055 0.0
2.56198811531 2.11922216415 0.0
2.52962756157 2.60843849182 0.0
2.43036937714 2.97131323814 0.0
2.2309319973 3.63317012787 0.0
1.98736619949 4.19007158279 0.0
1.67661690712 4.55740118027 0.0
1.17129850388 4.77999925613 0.0
0.706600427628 4.87449598312 0.0
-0.0564064979553 4.93253564835 0.0
-0.481062293053 4.94113540649 0.0
-0.950992524624 4.78064155579 0.0
-1.38080942631 4.53470802307 0.0
-1.81202840805 4.22518968582 0.0
-2.16144061089 3.72282171249 0.0
-2.33846449852 3.36590003967 0.0
-2.53862905502 2.92414307594 0.0
-2.67513871193 2.48100447655 0.0
-2.74668049812 2.0789680481 0.0
-2.79840683937 1.63426578045 0.0
-2.70075440407 1.22874796391 0.0
-2.53721475601 0.907052099705 0.0
-2.41460609436 0.692088425159 0.0
-1.8728826046 0.171342238784 0.0
-1.49567520618 -0.0701726302505 0.0
-1.11507773399 -0.162915587425 0.0
-0.860307812691 -0.189484611154 0.0
-0.521177053452 -0.196267679334 0.0
-0.138116791844 -0.161684349179 0.0
0.245361283422 -0.105628728867 0.0
0.585326910019 -0.0914739146829 0.0
0.969071507454 -0.0355892628431 0.0
1.56696152687 0.164881244302 0.0
1.91003251076 0.327681183815 0.0
2.3004348278 0.744593322277 0.0
2.4779548645 1.12324094772 0.0
2.55201220512 1.60987997055 0.0
2.56198811531 2.11922216415 0.0
2.52962756157 2.60843849182 0.0
2.43036937714 2.97131323814 0.0
2.2309319973 3.63317012787 0.0
1.98736619949 4.19007158279 0.0
1.67661690712 4.55740118027 0.0
1.17129850388 4.77999925613 0.0
0.706600427628 4.87449598312 0.0
-0.0564064979553 4.93253564835 0.0
-0.481062293053 4.94113540649 0.0
-0.950992524624 4.78064155579 0.0
-1.38080942631 4.53470802307 0.0
-1.81202840805 4.22518968582 0.0
-2.16144061089 3.72282171249 0.0
-2.33846449852 3.36590003967 0.0
-2.53862905502 2.92414307594 0.0
-2.67513871193 2.48100447655 0.0
-2.74668049812 2.0789680481 0.0
-2.79840683937 1.63426578045 0.0
-2.70075440407 1.22874796391 0.0
-2.53721475601 0.907052099705 0.0
-2.41460609436 0.692088425159 0.0
-1.8728826046 0.171342238784 0.0
-1.49567520618 -0.0701726302505 0.0
-1.11507773399 -0.162915587425 0.0
-0.860307812691 -0.189484611154 0.0
-0.521177053452 -0.196267679334 0.0
-0.138116791844 -0.161684349179 0.0
0.245361283422 -0.105628728867 0.0
0.585326910019 -0.0914739146829 0.0
0.969071507454 -0.0355892628431 0.0
1.56696152687 0.164881244302 0.0
1.91003251076 0.327681183815 0.0
2.3004348278 0.744593322277 0.0
2.4779548645 1.12324094772 0.0
2.55201220512 1.60987997055 0.0
2.56198811531 2.11922216415 0.0
2.52962756157 2.60843849182 0.0
2.43036937714 2.97131323814 0.0
2.2309319973 3.63317012787 0.0
1.98736619949 4.19007158279 0.0
1.67661690712 4.55740118027 0.0
1.17129850388 4.77999925613 0.0
0.706600427628 4.87449598312 0.0
-0.0564064979553 4.93253564835 0.0
-0.481062293053 4.94113540649 0.0
-0.950992524624 4.78064155579 0.0
-1.38080942631 4.53470802307 0.0
-1.81202840805 4.22518968582 0.0
-2.16144061089 3.72282171249 0.0
-2.33846449852 3.36590003967 0.0
-2.53862905502 2.92414307594 0.0
-2.67513871193 2.48100447655 0.0
-2.74668049812 2.0789680481 0.0
-2.79840683937 1.63426578045 0.0
-2.70075440407 1.22874796391 0.0
-2.53721475601 0.907052099705 0.0
-2.41460609436 0.692088425159 0.0
-1.8728826046 0.171342238784 0.0
-1.49567520618 -0.0701726302505 0.0
-1.11507773399 -0.162915587425 0.0
-0.860307812691 -0.189484611154 0.0
-0.521177053452 -0.196267679334 0.0
-0.138116791844 -0.161684349179 0.0
0.245361283422 -0.105628728867 0.0
0.585326910019 -0.0914739146829 0.0
0.969071507454 -0.0355892628431 0.0
1.56696152687 0.164881244302 0.0
1.91003251076 0.327681183815 0.0
2.3004348278 0.744593322277 0.0
2.4779548645 1.12324094772 0.0
2.55201220512 1.60987997055 0.0
2.56198811531 2.11922216415 0.0
2.52962756157 2.60843849182 0.0
2.43036937714 2.97131323814 0.0
2.2309319973 3.63317012787 0.0
1.98736619949 4.19007158279 0.0
1.67661690712 4.55740118027 0.0
1.17129850388 4.77999925613 0.0
0.706600427628 4.87449598312 0.0
-0.0564064979553 4.93253564835 0.0
-0.481062293053 4.94113540649 0.0
-0.950992524624 4.78064155579 0.0
-1.38080942631 4.53470802307 0.0
-1.81202840805 4.22518968582 0.0
-2.16144061089 3.72282171249 0.0
-2.33846449852 3.36590003967 0.0
-2.53862905502 2.92414307594 0.0
-2.67513871193 2.48100447655 0.0
-2.74668049812 2.0789680481 0.0
-2.79840683937 1.63426578045 0.0
-2.70075440407 1.22874796391 0.0
-2.53721475601 0.907052099705 0.0
-2.41460609436 0.692088425159 0.0
-1.8728826046 0.171342238784 0.0
-1.49567520618 -0.0701726302505 0.0
-1.11507773399 -0.162915587425 0.0
-0.860307812691 -0.189484611154 0.0
-0.521177053452 -0.196267679334 0.0
-0.138116791844 -0.161684349179 0.0
0.245361283422 -0.105628728867 0.0
0.585326910019 -0.0914739146829 0.0
0.969071507454 -0.0355892628431 0.0
