1.51782107353 0.239628225565 0.0
1.97694516182 0.45758703351 0.0
2.40631723404 0.806633293629 0.0
2.41837859154 1.42418026924 0.0
2.36769104004 2.14005994797 0.0
2.19041752815 2.98898863792 0.0
1.98457443714 4.06591653824 0.0
1.77134180069 4.72080278397 0.0
1.58680069447 5.30886268616 0.0
1.20515370369 5.70678043365 0.0
0.950066804886 5.93930482864 0.0
0.429504722357 5.91764307022 0.0
-0.286173582077 5.89974975586 0.0
-0.906030535698 5.78226709366 0.0
-1.56114935875 5.50307798386 0.0
-2.08780550957 5.22165966034 0.0
-2.38982582092 4.74032020569 0.0
-2.72586488724 4.19475364685 0.0
-2.90218472481 3.5157558918 0.0
-2.9483833313 2.83406591415 0.0
-2.89948987961 2.05259633064 0.0
-2.88448143005 1.20723199844 0.0
-2.60521197319 0.551135778427 0.0
-2.4216542244 -0.00533885369077 0.0
-1.87423408031 -0.27671918273 0.0
-1.35725998878 -0.449825257063 0.0
-0.539968311787 -0.239297911525 0.0
0.273988574743 -0.157888427377 0.0
0.799193382263 0.0917495787144 0.0
1.51782107353 0.239628225565 0.0
1.97694516182 0.45758703351 0.0
2.40631723404 0.806633293629 0.0
2.41837859154 1.42418026924 0.0
2.36769104004 2.14005994797 0.0
2.19041752815 2.98898863792 0.0
1.98457443714 4.06591653824 0.0
1.77134180069 4.72080278397 0.0
1.58680069447 5.30886268616 0.0
1.20515370369 5.70678043365 0.0
0.950066804886 5.93930482864 0.0
0.429504722357 5.91764307022 0.0
-0.286173582077 5.89974975586 0.0
-0.906030535698 5.78226709366 0.0
-1.56114935875 5.50307798386 0.0
-2.08780550957 5.22165966034 0.0
-2.38982582092 4.74032020569 0.0
-2.72586488724 4.19475364685 0.0
-2.90218472481 3.5157558918 0.0
-2.9483833313 2.83406591415 0.0
-2.89948987961 2.05259633064 0.0
-2.88448143005 1.20723199844 0.0
-2.60521197319 0.551135778427 0.0
-2.4216542244 -0.00533885369077 0.0
-1.87423408031 -0.27671918273 0.0
-1.35725998878 -0.449825257063 0.0
-0.539968311787 -0.239297911525 0.0
0.273988574743 -0.157888427377 0.0
0.799193382263 0.0917495787144 0.0
1.51782107353 0.239628225565 0.0
1.97694516182 0.45758703351 0.0
2.40631723404 0.806633293629 0.0
2.41837859154 1.42418026924 0.0
2.36769104004 2.14005994797 0.0
2.19041752815 2.98898863792 0.0
1.98457443714 4.06591653824 0.0
1.77134180069 4.72080278397 0.0
1.58680069447 5.30886268616 0.0
1.20515370369 5.70678043365 0.0
0.950066804886 5.93930482864 0.0
0.429504722357 5.91764307022 0.0
-0.286173582077 5.89974975586 0.0
-0.906030535698 5.78226709366 0.0
-1.56114935875 5.50307798386 0.0
-2.08780550957 5.22165966034 0.0
-2.38982582092 4.74032020569 0.0
-2.72586488724 4.19475364685 0.0
-2.90218472481 3.5157558918 0.0
-2.9483833313 2.83406591415 0.0
-2.89948987961 2.05259633064 0.0
-2.88448143005 1.20723199844 0.0
-2.60521197319 0.551135778427 0.0
-2.4216542244 -0.00533885369077 0.0
-1.87423408031 -0.27671918273 0.0
-1.35725998878 -0.449825257063 0.0
-0.539968311787 -0.239297911525 0.0
0.273988574743 -0.157888427377 0.0
0.799193382263 0.0917495787144 0.0
1.51782107353 0.239628225565 0.0
1.97694516182 0.45758703351 0.0
2.40631723404 0.806633293629 0.0
2.41837859154 1.42418026924 0.0
2.36769104004 2.14005994797 0.0
2.19041752815 2.98898863792 0.0
1.98457443714 4.06591653824 0.0
1.77134180069 4.72080278397 0.0
1.58680069447 5.30886268616 0.0
1.20515370369 5.70678043365 0.0
0.950066804886 5.93930482864 0.0
0.429504722357 5.91764307022 0.0
-0.286173582077 5.89974975586 0.0
-0.906030535698 5.78226709366 0.0
-1.56114935875 5.50307798386 0.0
-2.08780550957 5.22165966034 0.0
-2.38982582092 4.74032020569 0.0
-2.72586488724 4.19475364685 0.0
-2.90218472481 3.5157558918 0.0
-2.9483833313 2.83406591415 0.0
-2.89948987961 2.05259633064 0.0
-2.88448143005 1.20723199844 0.0
-2.60521197319 0.551135778427 0.0
-2.4216542244 -0.00533885369077 0.0
-1.87423408031 -0.27671918273 0.0
-1.35725998878 -0.449825257063 0.0
-0.539968311787 -0.239297911525 0.0
0.273988574743 -0.157888427377 0.0
0.799193382263 0.0917495787144 0.0
1.51782107353 0.239628225565 0.0
1.97694516182 0.45758703351 0.0
2.40631723404 0.806633293629 0.0
2.41837859154 1.42418026924 0.0
2.36769104004 2.14005994797 0.0
2.19041752815 2.98898863792 0.0
1.98457443714 4.06591653824 0.0
1.77134180069 4.72080278397 0.0
1.58680069447 5.30886268616 0.0
1.20515370369 5.70678043365 0.0
0.950066804886 5.93930482864 0.0
0.429504722357 5.91764307022 0.0
-0.286173582077 5.89974975586 0.0
-0.906030535698 5.78226709366 0.0
-1.56114935875 5.50307798386 0.0
-2.08780550957 5.22165966034 0.0
-2.38982582092 4.74032020569 0.0
-2.72586488724 4.19475364685 0.0
-2.90218472481 3.5157558918 0.0
-2.9483833313 2.83406591415 0.0
-2.89948987961 2.05259633064 0.0
-2.88448143005 1.20723199844 0.0
-2.60521197319 0.551135778427 0.0
-2.4216542244 -0.00533885369077 0.0
-1.87423408031 -0.27671918273 0.0
-1.35725998878 -0.449825257063 0.0
-0.539968311787 -0.239297911525 0.0
0.273988574743 -0.157888427377 0.0
0.799193382263 0.0917495787144 0.0
