1513446892.59171
2048.00000
1513446892.59267
-2048.00000
1513446892.60223
-2048.00000
1513446892.61436
-2048.00000
1513446892.62276
-2048.00000
1513446892.63224
-2048.00000
1513446892.64240
2048.00000
1513446892.65232
910.32035
1513446892.66293
1038.83808
1513446892.67247
935.89327
1513446892.68227
935.77939
1513446892.69343
878.77038
1513446892.70312
932.50019
1513446892.71294
873.75955
1513446892.72230
928.92846
1513446892.73257
930.90986
1513446892.74269
890.09899
1513446892.75231
929.33753
1513446892.76220
868.16416
1513446892.77423
925.60508
1513446892.78385
928.22864
1513446892.79255
889.25281
1513446892.80291
925.67816
1513446892.81276
762.76407
1513446892.82273
911.78338
1513446892.83363
914.95932
1513446892.84443
1083.36290
1513446892.85266
935.22469
1513446892.86339
836.27621
1513446892.87255
925.83102
1513446892.88277
927.21879
1513446892.89268
813.44397
1513446892.90249
918.18318
1513446892.91266
1003.16755
1513446892.92400
930.70393
1513446892.93359
931.25375
1513446892.94328
932.49975
1513446892.95290
813.02381
1513446892.96274
922.06623
1513446892.97260
924.93350
1513446892.98271
926.12049
1513446892.99262
838.86450
1513446893.00253
919.47294
1513446893.01257
921.69699
1513446893.02271
923.03938
1513446893.03262
952.81005
1513446893.04307
868.31760
1513446893.05265
923.34751
1513446893.06250
925.00905
1513446893.07498
926.39056
1513446893.08246
888.97221
1513446893.09245
924.46511
1513446893.10258
926.60954
1513446893.11241
927.88776
1513446893.12235
808.83931
1513446893.13265
917.77750
1513446893.14270
920.48145
1513446893.15273
921.77800
1513446893.16335
951.52096
1513446893.17288
928.11551
1513446893.18254
927.50068
1513446893.19251
929.45732
1513446893.20319
992.81458
1513446893.21273
939.56252
1513446893.22253
938.34683
1513446893.23480
940.42273
1513446893.24379
941.67433
1513446893.25255
941.99417
1513446893.26243
942.79519
1513446893.27303
945.33172
1513446893.28343
704.68050
1513446893.29256
960.10940
1513446893.30303
929.63054
1513446893.31257
931.28614
1513446893.32258
932.73538
1513446893.33244
748.46766
1513446893.34261
915.61938
1513446893.35290
919.13646
1513446893.36371
920.53434
1513446893.37283
1008.79410
1513446893.38269
931.93342
1513446893.39247
932.32228
1513446893.40286
933.54773
1513446893.41348
969.63985
1513446893.42274
773.44152
1513446893.43264
923.25819
1513446893.44244
926.45368
1513446893.45256
855.49423
1513446893.46265
921.45448
1513446893.47246
923.55916
1513446893.48265
924.81938
1513446893.49405
849.06140
1513446893.50254
919.19470
1513446893.51253
921.23531
1513446893.52269
922.71593
1513446893.53250
903.28629
1513446893.54255
977.59046
1513446893.55252
930.30034
1513446893.56283
930.95416
1513446893.57274
932.32963
1513446893.58271
861.62284
1513446893.59298
927.22869
1513446893.60264
929.38724
1513446893.61290
930.65507
1513446893.62242
866.46644
1513446893.63247
926.20086
1513446893.64250
928.40152
1513446893.65242
929.64914
1513446893.66321
869.11394
1513446893.67289
889.20029
1513446893.68251
923.96767
1513446893.69242
925.49565
1513446893.70351
861.89719
1513446893.71253
922.55702
1513446893.72242
922.14422
1513446893.73279
924.55827
1513446893.74442
1017.68078
1513446893.75278
938.45692
1513446893.76245
936.05906
1513446893.77279
937.97048
1513446893.78331
773.38375
1513446893.79238
1017.31589
1513446893.80292
935.27630
1513446893.81247
936.57083
1513446893.82250
937.98955
1513446893.83237
838.85443
1513446893.84249
929.88648
1513446893.85275
932.39873
1513446893.86269
933.73097
1513446893.87244
900.93659
1513446893.88254
932.56299
1513446893.89261
934.41773
1513446893.90241
935.74352
1513446893.91292
885.69801
1513446893.92316
844.24690
1513446893.93261
925.44474
1513446893.94244
927.69440
1513446893.95268
928.92332
1513446893.96251
848.60302
1513446893.97241
922.95133
1513446893.98247
925.16552
1513446893.99509
926.49785
1513446894.00257
844.66329
1513446894.01265
919.95524
1513446894.02273
922.48113
1513446894.03284
923.83662
1513446894.04256
926.67667
1513446894.05281
926.47346
1513446894.06274
927.69937
1513446894.07252
929.12686
1513446894.08237
876.30918
1513446894.09257
925.85279
1513446894.10261
927.88362
1513446894.11248
929.13604
1513446894.12240
878.69663
1513446894.13249
926.21831
1513446894.14251
928.14846
1513446894.15259
929.40003
1513446894.16381
934.37339
1513446894.17318
961.92584
1513446894.18251
936.73408
1513446894.19246
937.59922
1513446894.20317
789.95564
1513446894.21253
925.35162
1513446894.22243
926.74315
1513446894.23270
928.84241
1513446894.24351
979.93708
1513446894.25263
938.16296
1513446894.26243
936.16300
1513446894.27260
938.58116
1513446894.28341
687.11818
1513446894.29246
894.40129
1513446894.30219
915.59985
1513446894.31292
918.04860
1513446894.32268
919.57279
1513446894.33235
895.40264
1513446894.34352
919.19422
1513446894.35383
921.05477
1513446894.36392
922.26260
1513446894.37343
770.80433
1513446894.38315
908.59446
1513446894.39294
911.66242
1513446894.40356
912.96146
1513446894.41272
898.35181
1513446894.42318
806.74044
1513446894.43266
903.91112
1513446894.44263
906.56659
1513446894.45390
907.63103
1513446894.46444
751.02057
1513446894.47288
893.66927
1513446894.48248
897.05205
1513446894.49306
897.55026
1513446894.50308
766.52790
1513446894.51286
886.43347
1513446894.52385
889.23928
1513446894.53837
890.57573
1513446894.54376
667.06874
1513446894.55347
869.84516
1513446894.56335
872.34182
1513446894.57301
874.40213
1513446894.58425
875.59520
1513446894.59354
750.72647
1513446894.60347
863.87948
1513446894.61365
867.38999
1513446894.62542
699.41945
1513446894.63334
853.83137
1513446894.64291
852.85448
1513446894.65578
856.21149
1513446894.66578
579.62882
1513446894.67342
788.24838
1513446894.68254
827.74456
1513446894.69669
830.69812
1513446894.70256
837.19294
1513446894.71242
529.32286
1513446894.72252
802.68397
1513446894.73242
807.51703
1513446894.74251
808.63531
1513446894.75244
706.28838
1513446894.76304
799.97017
1513446894.77264
802.26786
1513446894.78259
803.49590
1513446894.79313
583.26005
1513446894.80266
599.06140
1513446894.81253
766.72095
1513446894.82246
769.95498
1513446894.83234
577.14462
1513446894.84258
751.63114
1513446894.85259
755.11347
1513446894.86239
756.09381
1513446894.87243
526.36761
1513446894.88264
733.84177
1513446894.89257
737.64608
1513446894.90238
738.72186
1513446894.91303
633.98721
1513446894.92288
540.50040
1513446894.93263
711.69664
1513446894.94606
715.15025
1513446894.95278
719.91504
1513446894.96269
954.60138
1513446894.97252
743.61120
1513446894.98320
741.64037
1513446894.99296
742.87355
1513446895.00529
84.94737
1513446895.01296
675.16545
1513446895.02275
682.98878
1513446895.03257
684.80545
1513446895.04251
690.63695
1513446895.05248
302.17873
1513446895.06252
647.50164
1513446895.07280
653.15295
1513446895.08309
553.28699
1513446895.09291
644.79963
1513446895.10279
645.93637
1513446895.11251
647.49659
1513446895.12334
81.41688
1513446895.13273
589.19721
1513446895.14254
596.15070
1513446895.15261
597.71793
1513446895.16346
598.70863
1513446895.17278
199.70892
1513446895.18253
557.79050
1513446895.19228
563.63087
1513446895.20366
564.40870
1513446895.21252
355.22819
1513446895.22253
543.77024
1513446895.23278
547.15268
1513446895.24262
548.14653
1513446895.25250
34.82794
1513446895.26232
494.95014
1513446895.27258
501.97740
1513446895.28273
502.83636
1513446895.29277
333.25548
1513446895.30241
509.43786
1513446895.31271
491.38091
1513446895.32255
491.86354
1513446895.33246
492.51809
1513446895.34263
51.81476
1513446895.35293
447.06286
1513446895.36255
453.20518
1513446895.37248
453.84913
1513446895.38286
262.52721
1513446895.39280
434.80942
1513446895.40257
437.75454
1513446895.41266
438.43301
1513446895.42296
-169.42765
1513446895.43291
375.02608
1513446895.44347
383.13205
1513446895.45306
383.85052
1513446895.46249
285.70751
1513446895.47273
374.37134
1513446895.48249
376.17491
1513446895.49305
376.68386
1513446895.50266
-94.73742
1513446895.51255
327.64530
1513446895.52355
333.98189
1513446895.53270
334.50626
1513446895.54268
410.92821
1513446895.55265
150.23182
1513446895.56292
322.54903
1513446895.57335
325.45436
1513446895.58388
149.11387
1513446895.59345
307.77253
1513446895.60338
309.81072
1513446895.61261
310.65034
1513446895.62344
230.24535
1513446895.63274
303.26554
1513446895.64265
304.05858
1513446895.65257
304.73528
1513446895.66308
195.39396
1513446895.67335
331.45041
1513446895.68264
299.67673
1513446895.69277
299.52990
1513446895.70249
300.13455
1513446895.71239
84.99016
1513446895.72253
278.08156
1513446895.73273
281.17552
1513446895.74343
281.58378
1513446895.75344
372.43006
1513446895.76252
292.12491
1513446895.77241
291.18609
1513446895.78242
291.66300
1513446895.79254
331.42151
1513446895.80245
186.22114
1513446895.81338
284.87635
1513446895.82289
286.66646
1513446895.83269
287.19149
1513446895.84242
120.15627
1513446895.85276
270.11545
1513446895.86261
272.59303
1513446895.87243
273.01782
1513446895.88291
350.64597
1513446895.89253
281.95400
1513446895.90264
281.43220
1513446895.91245
281.83244
1513446895.92276
270.73922
1513446895.93264
281.38317
1513446895.94249
281.92877
1513446895.95235
282.31662
1513446895.96271
195.76993
1513446895.97268
273.90365
1513446895.98406
275.36042
1513446895.99270
275.74863
1513446896.00262
266.90370
1513446896.01261
275.54733
1513446896.02251
276.05866
1513446896.03278
276.45277
1513446896.04253
218.60071
1513446896.05246
238.38125
1513446896.06271
268.67865
1513446896.07283
269.56977
1513446896.08251
269.80168
1513446896.09239
328.57638
1513446896.10248
276.79369
1513446896.11262
276.50271
1513446896.12275
276.87501
1513446896.13271
337.00366
1513446896.14280
283.96063
1513446896.15261
283.71127
1513446896.16238
284.02263
1513446896.17343
219.39663
1513446896.18264
458.76005
1513446896.19266
298.32563
1513446896.20243
296.52517
1513446896.21240
342.91975
1513446896.22272
302.21721
1513446896.23239
302.08576
1513446896.24379
302.47965
1513446896.25350
280.86342
1513446896.26240
301.08082
1513446896.27244
301.59251
1513446896.28264
302.11944
1513446896.29249
425.83789
1513446896.30237
232.92434
1513446896.31248
306.15757
1513446896.32250
307.62282
1513446896.33252
308.05632
1513446896.34227
517.75570
1513446896.35254
331.05181
1513446896.36264
329.05955
1513446896.37247
329.45101
1513446896.38265
487.08360
1513446896.39310
347.03409
1513446896.40267
345.72864
1513446896.41257
345.95800
1513446896.42582
426.12988
1513446896.43323
408.91339
1513446896.44300
360.75641
1513446896.45347
360.43409
1513446896.46411
361.09230
1513446896.47296
427.21246
1513446896.48347
368.45926
1513446896.49285
368.76398
1513446896.50383
609.50306
1513446896.51287
396.19294
1513446896.52253
392.18821
1513446896.53237
393.28433
1513446896.54334
518.10215
1513446896.55279
437.40640
1513446896.56275
409.24983
1513446896.57337
409.97685
1513446896.58267
410.50328
1513446896.59256
516.15524
1513446896.60251
422.78477
1513446896.61297
422.10443
1513446896.62324
422.71819
1513446896.63253
463.85154
1513446896.64270
428.10060
1513446896.65251
428.28589
1513446896.66267
428.87219
1513446896.67248
546.23280
1513446896.68251
452.99359
1513446896.69258
442.75946
1513446896.70264
443.28989
1513446896.71260
443.84622
1513446896.72249
465.99183
1513446896.73270
447.39431
1513446896.74257
447.74343
1513446896.75294
448.39806
1513446896.76251
509.53943
1513446896.77252
456.07791
1513446896.78244
455.94778
1513446896.79247
456.58047
1513446896.80243
554.34231
1513446896.81238
468.13782
1513446896.82269
467.64361
1513446896.83289
468.28687
1513446896.84268
566.71790
1513446896.85259
479.94256
1513446896.86303
479.42769
1513446896.87291
480.23266
1513446896.88484
498.14969
1513446896.89363
483.45633
1513446896.90293
483.71087
1513446896.91314
484.34246
1513446896.92371
477.36412
1513446896.93354
685.91635
1513446896.94278
507.20705
1513446896.95343
505.08120
1513446896.96486
506.05936
1513446896.97330
415.42972
1513446896.98336
497.67564
1513446896.99282
499.54060
1513446897.00435
742.22134
1513446897.01250
528.01478
1513446897.02276
523.34722
1513446897.03252
525.10924
1513446897.04348
231.74232
1513446897.05239
543.48281
1513446897.06257
504.10650
1513446897.07300
504.92368
1513446897.08264
505.72606
1513446897.09355
551.49414
1513446897.10308
511.77817
1513446897.11264
511.99974
1513446897.12247
512.70227
1513446897.13254
502.95114
1513446897.14267
513.03712
1513446897.15249
513.90138
1513446897.16252
514.58609
1513446897.17261
599.54539
1513446897.18257
705.12955
1513446897.19242
543.75922
1513446897.20260
542.29139
1513446897.21255
543.09861
1513446897.22248
619.87895
1513446897.23265
552.59253
1513446897.24255
552.66982
1513446897.25253
553.07420
1513446897.26245
667.35632
1513446897.27355
566.76294
1513446897.28276
566.20217
1513446897.29247
567.01131
1513446897.30235
451.94251
1513446897.31282
556.24103
1513446897.32409
558.57447
1513446897.33276
559.31612
1513446897.34320
531.91816
1513446897.35289
557.97683
1513446897.36403
558.92963
1513446897.37355
559.89672
1513446897.38346
115.92411
1513446897.39376
514.20757
1513446897.40361
520.44902
1513446897.41355
521.28508
1513446897.42257
395.93083
1513446897.43253
821.89066
1513446897.44256
544.60925
1513446897.45254
541.69783
1513446897.46264
542.32067
1513446897.47271
253.97664
1513446897.48281
513.24566
1513446897.49440
517.58580
1513446897.50360
518.37072
1513446897.51265
708.66211
1513446897.52284
539.50509
1513446897.53313
538.23855
1513446897.54296
539.05665
1513446897.55317
2048.00000
1513446897.68339
739.31413
